0.000002	0
0.000005	0
0.000008	0
0.000011	0
0.000013	0
0.000017	0
0.000019	0
0.000023	0
0.000025	0
0.000029	0
0.000031	0
0.000034	0
0.000038	0
0.000041	0
0.000044	0
0.000046	0
0.000050	0
0.000053	0
0.000056	0
0.000058	0
0.000062	0
0.000064	0
0.000068	0
0.000071	0
0.000073	0
0.000077	0
0.000080	0
0.000082	0
0.000086	0
0.000088	1
0.000092	0
0.000095	0
0.000097	0
0.000101	0
0.000104	0
0.000107	0
0.000110	0
0.000112	0
0.000116	0
0.000119	0
0.000121	0
0.000124	0
0.000128	0
0.000131	0
0.000133	0
0.000137	0
0.000140	0
0.000142	0
0.000146	0
0.000149	0
0.000151	0
0.000155	0
0.000158	0
0.000160	0
0.000164	0
0.000167	0
0.000170	0
0.000172	0
0.000176	0
0.000179	0
0.000181	0
0.000185	0
0.000188	0
0.000190	0
0.000194	0
0.000197	0
0.000199	0
0.000203	0
0.000206	0
0.000208	0
0.000212	1
0.000215	0
0.000218	0
0.000220	0
0.000224	0
0.000227	0
0.000229	0
0.000233	0
0.000236	1
0.000238	1
0.000242	1
0.000244	0
0.000247	0
0.000251	0
0.000253	1
0.000257	0
0.000260	0
0.000262	0
0.000266	0
0.000269	0
0.000271	0
0.000275	0
0.000278	0
0.000280	0
0.000284	1
0.000287	0
0.000289	0
0.000293	0
0.000296	0
0.000298	0
0.000302	1
0.000305	0
0.000307	0
0.000311	0
0.000314	1
0.000316	0
0.000320	0
0.000323	0
0.000325	0
0.000329	0
0.000332	2
0.000334	0
0.000338	0
0.000340	1
0.000344	0
0.000347	1
0.000349	0
0.000353	0
0.000356	0
0.000358	0
0.000362	1
0.000365	1
0.000367	1
0.000371	0
0.000374	2
0.000376	0
0.000380	0
0.000383	0
0.000385	1
0.000389	1
0.000392	0
0.000394	1
0.000398	0
0.000401	0
0.000403	0
0.000407	0
0.000410	0
0.000412	0
0.000416	1
0.000419	0
0.000421	0
0.000425	1
0.000428	0
0.000431	0
0.000434	0
0.000436	1
0.000440	1
0.000443	0
0.000445	2
0.000449	0
0.000452	0
0.000454	0
0.000458	1
0.000461	1
0.000463	0
0.000467	1
0.000470	0
0.000472	2
0.000476	2
0.000479	1
0.000481	1
0.000485	0
0.000488	0
0.000491	0
0.000494	0
0.000496	1
0.000500	0
0.000503	0
0.000505	1
0.000509	0
0.000512	1
0.000514	0
0.000518	1
0.000521	0
0.000523	2
0.000527	0
0.000530	1
0.000532	1
0.000536	2
0.000539	0
0.000541	1
0.000545	0
0.000548	0
0.000550	1
0.000554	0
0.000557	0
0.000559	0
0.000563	1
0.000566	0
0.000568	1
0.000572	2
0.000575	0
0.000577	1
0.000580	0
0.000584	2
0.000586	1
0.000589	0
0.000593	2
0.000596	1
0.000598	0
0.000602	1
0.000605	0
0.000607	0
0.000611	1
0.000614	0
0.000616	2
0.000620	2
0.000623	0
0.000625	0
0.000629	4
0.000632	1
0.000634	1
0.000638	0
0.000641	0
0.000643	4
0.000647	2
0.000650	1
0.000652	3
0.000656	1
0.000659	3
0.000661	0
0.000665	4
0.000668	1
0.000670	2
0.000674	1
0.000677	1
0.000679	1
0.000683	1
0.000686	1
0.000688	1
0.000692	1
0.000695	2
0.000697	0
0.000701	1
0.000704	0
0.000706	4
0.000710	0
0.000713	0
0.000715	2
0.000719	0
0.000722	1
0.000724	0
0.000728	0
0.000731	1
0.000733	1
0.000737	4
0.000740	2
0.000742	0
0.000746	0
0.000749	1
0.000751	3
0.000755	2
0.000758	3
0.000760	3
0.000764	2
0.000767	1
0.000770	1
0.000772	1
0.000776	0
0.000779	0
0.000781	0
0.000785	0
0.000788	2
0.000790	1
0.000794	3
0.000797	2
0.000799	2
0.000803	1
0.000806	0
0.000808	0
0.000812	2
0.000815	3
0.000817	1
0.000821	2
0.000824	3
0.000826	2
0.000830	3
0.000833	1
0.000835	0
0.000839	3
0.000842	0
0.000844	2
0.000848	0
0.000851	5
0.000853	3
0.000857	3
0.000860	1
0.000862	1
0.000866	2
0.000869	4
0.000871	1
0.000875	2
0.000878	3
0.000880	2
0.000884	0
0.000887	2
0.000889	1
0.000893	2
0.000896	2
0.000898	3
0.000902	2
0.000905	4
0.000907	3
0.000911	2
0.000914	1
0.000916	5
0.000920	1
0.000923	1
0.000925	1
0.000929	1
0.000932	0
0.000935	3
0.000938	4
0.000941	1
0.000944	4
0.000947	2
0.000950	3
0.000953	3
0.000956	2
0.000959	4
0.000962	3
0.000964	3
0.000968	2
0.000971	3
0.000973	3
0.000977	2
0.000980	4
0.000983	4
0.000986	3
0.000989	3
0.000991	2
0.000994	1
0.000998	2
0.001001	3
0.001004	1
0.001007	1
0.001009	1
0.001012	3
0.001016	5
0.001019	0
0.001022	2
0.001025	4
0.001027	2
0.001030	2
0.001034	1
0.001037	5
0.001040	4
0.001043	0
0.001045	5
0.001048	1
0.001052	1
0.001055	2
0.001058	2
0.001061	3
0.001063	3
0.001066	4
0.001069	4
0.001073	0
0.001076	1
0.001079	2
0.001081	4
0.001084	5
0.001087	2
0.001091	5
0.001094	1
0.001097	4
0.001099	1
0.001102	2
0.001105	5
0.001109	6
0.001112	0
0.001115	3
0.001118	4
0.001120	4
0.001123	0
0.001127	3
0.001130	2
0.001133	4
0.001136	5
0.001138	5
0.001141	2
0.001145	3
0.001148	2
0.001151	3
0.001154	6
0.001156	3
0.001159	2
0.001163	2
0.001166	7
0.001169	5
0.001172	2
0.001174	4
0.001177	1
0.001181	3
0.001184	1
0.001187	6
0.001190	3
0.001192	2
0.001195	0
0.001199	4
0.001202	4
0.001205	4
0.001208	4
0.001210	3
0.001213	7
0.001217	6
0.001220	3
0.001223	1
0.001226	4
0.001228	5
0.001231	5
0.001235	3
0.001238	6
0.001241	6
0.001244	1
0.001246	4
0.001249	7
0.001252	1
0.001256	3
0.001259	5
0.001262	6
0.001264	2
0.001267	2
0.001270	6
0.001274	2
0.001277	5
0.001280	2
0.001283	4
0.001285	4
0.001288	5
0.001292	3
0.001295	5
0.001298	1
0.001301	4
0.001303	1
0.001306	5
0.001310	5
0.001313	3
0.001316	2
0.001319	2
0.001321	6
0.001324	1
0.001328	2
0.001331	3
0.001334	2
0.001337	5
0.001339	5
0.001342	4
0.001346	3
0.001349	6
0.001352	11
0.001355	3
0.001357	2
0.001360	6
0.001364	9
0.001367	5
0.001370	4
0.001373	7
0.001375	4
0.001378	3
0.001382	5
0.001385	5
0.001388	3
0.001391	4
0.001393	6
0.001396	7
0.001400	6
0.001403	7
0.001406	4
0.001409	3
0.001411	2
0.001414	2
0.001418	6
0.001421	6
0.001424	2
0.001427	4
0.001429	9
0.001432	2
0.001436	3
0.001439	11
0.001442	2
0.001445	7
0.001448	9
0.001450	6
0.001453	2
0.001457	2
0.001460	6
0.001463	1
0.001466	8
0.001468	5
0.001471	3
0.001475	7
0.001478	5
0.001481	6
0.001484	7
0.001486	4
0.001489	2
0.001493	6
0.001496	8
0.001499	7
0.001502	4
0.001504	7
0.001507	4
0.001511	6
0.001514	5
0.001517	3
0.001520	5
0.001522	7
0.001525	5
0.001529	5
0.001532	7
0.001535	6
0.001538	3
0.001540	5
0.001543	7
0.001547	5
0.001550	6
0.001553	7
0.001556	4
0.001558	4
0.001561	3
0.001565	4
0.001568	5
0.001571	6
0.001574	5
0.001576	3
0.001579	4
0.001583	7
0.001586	8
0.001589	6
0.001592	10
0.001594	1
0.001597	7
0.001601	7
0.001604	4
0.001607	7
0.001610	11
0.001613	9
0.001615	4
0.001619	9
0.001622	7
0.001625	6
0.001628	7
0.001631	7
0.001633	12
0.001636	8
0.001640	10
0.001643	4
0.001646	3
0.001649	6
0.001651	8
0.001654	8
0.001658	3
0.001661	9
0.001664	6
0.001667	7
0.001669	12
0.001672	12
0.001676	5
0.001679	8
0.001682	9
0.001685	7
0.001687	6
0.001690	9
0.001694	7
0.001697	10
0.001700	5
0.001703	8
0.001705	7
0.001708	4
0.001712	11
0.001715	4
0.001718	2
0.001721	9
0.001723	11
0.001726	7
0.001730	6
0.001733	5
0.001736	8
0.001739	7
0.001741	7
0.001744	9
0.001748	6
0.001751	6
0.001754	12
0.001757	8
0.001759	6
0.001762	2
0.001766	10
0.001769	14
0.001772	7
0.001775	4
0.001778	8
0.001780	8
0.001784	8
0.001787	8
0.001790	7
0.001793	6
0.001796	8
0.001798	10
0.001802	9
0.001805	5
0.001808	13
0.001811	2
0.001814	8
0.001816	5
0.001820	6
0.001823	5
0.001826	9
0.001829	7
0.001832	3
0.001834	4
0.001837	4
0.001841	12
0.001844	9
0.001847	4
0.001850	6
0.001852	2
0.001855	8
0.001859	11
0.001862	4
0.001865	10
0.001868	13
0.001870	7
0.001873	7
0.001877	11
0.001880	8
0.001883	7
0.001886	5
0.001888	11
0.001891	18
0.001895	12
0.001898	10
0.001901	11
0.001904	3
0.001906	11
0.001909	11
0.001913	9
0.001916	6
0.001919	10
0.001922	9
0.001924	9
0.001927	3
0.001931	4
0.001934	4
0.001937	12
0.001940	6
0.001942	11
0.001945	6
0.001949	9
0.001952	4
0.001955	15
0.001958	5
0.001961	8
0.001963	8
0.001966	9
0.001969	13
0.001972	9
0.001976	9
0.001979	11
0.001982	13
0.001985	11
0.001988	11
0.001991	11
0.001994	7
0.001997	8
0.001999	8
0.002002	6
0.002005	9
0.002008	15
0.002012	11
0.002015	10
0.002018	11
0.002021	7
0.002024	12
0.002027	11
0.002030	10
0.002033	12
0.002035	10
0.002038	9
0.002041	9
0.002044	9
0.002047	13
0.002051	6
0.002054	13
0.002057	5
0.002060	12
0.002063	11
0.002066	7
0.002069	9
0.002071	8
0.002074	12
0.002077	7
0.002080	15
0.002083	13
0.002087	11
0.002090	10
0.002093	11
0.002096	7
0.002099	16
0.002102	11
0.002105	8
0.002107	7
0.002110	9
0.002113	9
0.002116	10
0.002119	6
0.002123	9
0.002126	16
0.002129	9
0.002132	11
0.002135	16
0.002138	5
0.002141	12
0.002144	10
0.002146	9
0.002149	12
0.002152	7
0.002155	15
0.002159	10
0.002162	11
0.002165	7
0.002168	22
0.002171	11
0.002174	9
0.002177	17
0.002180	16
0.002182	11
0.002185	12
0.002188	14
0.002191	13
0.002195	10
0.002198	11
0.002201	16
0.002204	9
0.002207	14
0.002210	12
0.002213	9
0.002216	7
0.002218	12
0.002221	14
0.002224	7
0.002227	8
0.002230	14
0.002234	6
0.002237	10
0.002240	2
0.002243	15
0.002246	13
0.002249	12
0.002252	16
0.002254	15
0.002257	10
0.002260	12
0.002263	5
0.002266	13
0.002270	17
0.002273	8
0.002276	11
0.002279	13
0.002282	22
0.002285	10
0.002288	7
0.002291	13
0.002293	19
0.002296	12
0.002299	13
0.002302	11
0.002306	12
0.002309	12
0.002312	11
0.002315	16
0.002318	10
0.002321	11
0.002324	10
0.002327	13
0.002329	13
0.002332	11
0.002335	16
0.002338	11
0.002342	6
0.002345	8
0.002348	12
0.002351	13
0.002354	12
0.002357	15
0.002360	12
0.002363	11
0.002365	14
0.002368	21
0.002371	15
0.002374	11
0.002378	14
0.002381	5
0.002384	8
0.002387	14
0.002390	10
0.002393	12
0.002396	15
0.002399	20
0.002401	8
0.002404	11
0.002407	10
0.002410	14
0.002413	11
0.002417	17
0.002420	10
0.002423	9
0.002426	22
0.002429	8
0.002432	23
0.002435	12
0.002437	16
0.002440	13
0.002443	10
0.002446	24
0.002449	15
0.002453	13
0.002456	22
0.002459	9
0.002462	12
0.002465	9
0.002468	22
0.002471	14
0.002474	13
0.002476	13
0.002479	20
0.002482	15
0.002485	21
0.002489	23
0.002492	15
0.002495	16
0.002498	11
0.002501	18
0.002504	10
0.002507	9
0.002510	18
0.002512	14
0.002515	11
0.002518	21
0.002521	14
0.002525	21
0.002528	20
0.002531	24
0.002534	13
0.002537	19
0.002540	10
0.002543	15
0.002546	15
0.002548	27
0.002551	13
0.002554	16
0.002557	11
0.002561	17
0.002564	14
0.002567	14
0.002570	22
0.002573	16
0.002576	18
0.002579	9
0.002582	15
0.002584	16
0.002587	11
0.002590	11
0.002593	13
0.002596	16
0.002600	20
0.002603	26
0.002606	9
0.002609	17
0.002612	18
0.002615	15
0.002618	10
0.002620	14
0.002623	18
0.002626	13
0.002629	10
0.002632	15
0.002636	21
0.002639	11
0.002642	20
0.002645	22
0.002648	13
0.002651	16
0.002654	9
0.002657	16
0.002659	14
0.002662	17
0.002665	12
0.002668	19
0.002672	16
0.002675	20
0.002678	23
0.002681	17
0.002684	24
0.002687	22
0.002690	13
0.002693	17
0.002695	22
0.002698	16
0.002701	12
0.002704	18
0.002708	20
0.002711	15
0.002714	18
0.002717	11
0.002720	23
0.002723	25
0.002726	24
0.002729	14
0.002731	21
0.002734	14
0.002737	13
0.002740	13
0.002744	17
0.002747	20
0.002750	15
0.002753	20
0.002756	16
0.002759	19
0.002762	19
0.002765	22
0.002767	17
0.002770	13
0.002773	13
0.002776	17
0.002780	18
0.002783	19
0.002786	15
0.002789	11
0.002792	19
0.002795	14
0.002798	13
0.002801	12
0.002804	20
0.002806	18
0.002809	17
0.002812	13
0.002815	13
0.002819	23
0.002822	16
0.002825	16
0.002828	15
0.002831	15
0.002834	19
0.002837	16
0.002840	22
0.002842	12
0.002845	20
0.002848	19
0.002851	13
0.002855	16
0.002858	17
0.002861	19
0.002864	14
0.002867	17
0.002870	20
0.002873	21
0.002876	22
0.002878	21
0.002881	24
0.002884	23
0.002887	21
0.002891	24
0.002894	19
0.002897	19
0.002900	16
0.002903	23
0.002906	15
0.002909	17
0.002912	18
0.002914	15
0.002917	17
0.002920	13
0.002923	15
0.002927	17
0.002930	19
0.002933	23
0.002936	25
0.002939	18
0.002942	18
0.002945	10
0.002948	14
0.002950	23
0.002953	26
0.002956	20
0.002959	19
0.002963	26
0.002966	16
0.002969	21
0.002972	23
0.002975	24
0.002978	21
0.002981	21
0.002984	22
0.002987	27
0.002989	27
0.002992	20
0.002995	17
0.002998	21
